2 0.443490 0.216204 0.007812 0.013889
1 0.651563 0.200000 0.025000 0.092593
3 0.130208 0.061574 0.026042 0.075000
0 0.084375 0.116667 0.029167 0.074074
0 0.113021 0.216667 0.021875 0.088889
0 0.131771 0.340278 0.027083 0.100926
0 0.190625 0.219907 0.022917 0.086111
0 0.300781 0.492593 0.032813 0.107407
0 0.340885 0.331481 0.039062 0.101852
0 0.345313 0.214352 0.026042 0.067593
0 0.370052 0.133796 0.023438 0.069444
0 0.419531 0.165741 0.031771 0.094444
0 0.427604 0.091667 0.023958 0.050000
0 0.477083 0.187963 0.029167 0.088889
0 0.504687 0.174537 0.023958 0.112037
0 0.631771 0.103241 0.028125 0.080556
0 0.648438 0.366667 0.027083 0.090741
0 0.666667 0.154167 0.025000 0.078704
0 0.749479 0.145370 0.020833 0.096296
0 0.817187 0.129167 0.026042 0.078704
0 0.894531 0.232407 0.038021 0.085185
0 0.904948 0.344907 0.034896 0.110185
