2 0.312760 0.198611 0.017188 0.021296
1 0.635417 0.200926 0.035417 0.090741
3 0.142187 0.052315 0.021875 0.071296
0 0.093229 0.145370 0.023958 0.092593
0 0.090625 0.229167 0.029167 0.106481
0 0.121615 0.336574 0.028646 0.100926
0 0.183333 0.237963 0.030208 0.107407
0 0.298958 0.513889 0.025000 0.107407
0 0.330990 0.333333 0.030729 0.098148
0 0.322917 0.152315 0.014583 0.049074
0 0.395573 0.099537 0.024479 0.069444
0 0.365104 0.159259 0.020833 0.057407
0 0.366927 0.214815 0.047396 0.088889
0 0.476042 0.208796 0.020833 0.069444
0 0.500521 0.204630 0.026042 0.090741
0 0.691406 0.401852 0.034896 0.100000
0 0.649479 0.110648 0.020833 0.065741
0 0.703646 0.189815 0.027083 0.088889
0 0.784635 0.162037 0.023438 0.090741
0 0.835417 0.150463 0.021875 0.102778
0 0.863802 0.255556 0.032813 0.096296
0 0.896875 0.367130 0.037500 0.104630
