2 0.191406 0.252315 0.014063 0.013889
1 0.614844 0.217593 0.033854 0.098148
3 0.132812 0.052315 0.025000 0.063889
0 0.076042 0.175463 0.026042 0.075000
0 0.071094 0.250463 0.031771 0.078704
0 0.067969 0.343519 0.046354 0.087037
0 0.236979 0.526389 0.048958 0.113889
0 0.176042 0.236111 0.026042 0.074074
0 0.247135 0.318519 0.040104 0.098148
0 0.322396 0.113426 0.026042 0.067593
0 0.306250 0.232407 0.023958 0.081481
0 0.264323 0.184259 0.020313 0.096296
0 0.276823 0.216204 0.021354 0.067593
0 0.465104 0.254630 0.029167 0.083333
0 0.481771 0.232407 0.026042 0.085185
0 0.645833 0.121296 0.030208 0.087037
0 0.666927 0.437500 0.040104 0.106481
0 0.748698 0.205556 0.030729 0.096296
0 0.820833 0.276852 0.025000 0.085185
0 0.847917 0.400000 0.031250 0.100000
0 0.806250 0.182870 0.026042 0.078704
0 0.828646 0.158333 0.020833 0.094444
