2 0.187240 0.298611 0.011979 0.028704
1 0.539844 0.227315 0.042188 0.075000
3 0.088542 0.047222 0.016667 0.074074
0 0.733073 0.437500 0.042188 0.125000
0 0.517969 0.429167 0.040104 0.112037
0 0.752083 0.304630 0.028125 0.105556
0 0.771094 0.223611 0.035937 0.095370
0 0.798698 0.224074 0.015104 0.090741
0 0.798177 0.156019 0.024479 0.082407
0 0.609375 0.147685 0.033333 0.112037
0 0.455729 0.237963 0.026042 0.085185
0 0.388021 0.295833 0.033333 0.080556
0 0.110156 0.512037 0.042188 0.092593
0 0.047917 0.338426 0.032292 0.084259
0 0.010677 0.197685 0.020313 0.062037
0 0.013802 0.256481 0.026562 0.072222
0 0.162240 0.307870 0.035937 0.076852
0 0.124219 0.251852 0.031771 0.096296
0 0.144792 0.171759 0.025000 0.078704
0 0.172656 0.217130 0.023438 0.076852
0 0.210677 0.119444 0.039062 0.083333
0 0.208854 0.236111 0.031250 0.088889
