2 0.178125 0.461111 0.019792 0.033333
3 0.042188 0.049074 0.028125 0.074074
1 0.441146 0.245370 0.025000 0.092593
0 0.572917 0.147222 0.030208 0.085185
0 0.598698 0.462037 0.035937 0.124074
0 0.710938 0.322222 0.032292 0.098148
0 0.757812 0.233333 0.025000 0.090741
0 0.771615 0.168519 0.023438 0.077778
0 0.791146 0.240741 0.032292 0.094444
0 0.348958 0.344444 0.031250 0.085185
0 0.374479 0.433333 0.034375 0.092593
0 0.133073 0.477778 0.029687 0.092593
0 0.117188 0.147685 0.021875 0.073148
0 0.217708 0.275926 0.025000 0.101852
0 0.169792 0.300000 0.031250 0.107407
0 0.138021 0.345370 0.030208 0.087037
0 0.118229 0.250926 0.021875 0.090741
0 0.047396 0.360648 0.033333 0.110185
0 0.040625 0.248148 0.025000 0.092593
0 0.056510 0.183796 0.026562 0.069444
0 0.464062 0.267593 0.025000 0.094444
