2 0.231771 0.525463 0.016667 0.023148
1 0.414062 0.267130 0.033333 0.097222
3 0.070833 0.046296 0.028125 0.075926
0 0.532813 0.279630 0.032292 0.098148
0 0.333333 0.425926 0.032292 0.098148
0 0.403125 0.426389 0.027083 0.102778
0 0.596354 0.491204 0.033333 0.115741
0 0.614583 0.163889 0.025000 0.090741
0 0.782292 0.201852 0.028125 0.092593
0 0.780990 0.266667 0.035937 0.096296
0 0.768229 0.361574 0.030208 0.108333
0 0.851823 0.262963 0.041146 0.103704
0 0.301823 0.287037 0.032813 0.090741
0 0.183594 0.486111 0.036979 0.098148
0 0.177344 0.396296 0.033854 0.103704
0 0.203646 0.338426 0.033333 0.093519
0 0.039062 0.395370 0.032292 0.101852
0 0.069531 0.263426 0.034896 0.108333
0 0.076563 0.206019 0.037500 0.075000
0 0.121354 0.172222 0.026042 0.096296
0 0.153125 0.275000 0.026042 0.088889
