2 0.513802 0.406019 0.016146 0.026852
0 0.512240 0.431019 0.034896 0.108333
3 0.119271 0.043056 0.021875 0.065741
1 0.472656 0.293981 0.035937 0.100926
0 0.619271 0.295833 0.031250 0.084259
0 0.663802 0.495833 0.035937 0.110185
0 0.699479 0.184259 0.033333 0.096296
0 0.847656 0.222685 0.036979 0.100926
0 0.898438 0.318519 0.034375 0.094444
0 0.900260 0.394907 0.040104 0.113889
0 0.974219 0.307870 0.039062 0.115741
0 0.284896 0.519444 0.044792 0.085185
0 0.337240 0.500463 0.040104 0.134259
0 0.405469 0.312500 0.038021 0.102778
0 0.028906 0.442593 0.031771 0.100000
0 0.040625 0.270833 0.029167 0.115741
0 0.017969 0.333333 0.022396 0.101852
0 0.153125 0.282870 0.036458 0.112037
0 0.173177 0.225000 0.031771 0.092593
0 0.186458 0.184259 0.026042 0.096296
0 0.238802 0.296296 0.030729 0.096296
0 0.223698 0.372222 0.030729 0.090741
0 0.220312 0.449537 0.050000 0.125000
