0 0.434115 0.547685 0.034896 0.128704
0 0.226823 0.512037 0.041146 0.100000
0 0.281771 0.534259 0.044792 0.125926
0 0.084635 0.483796 0.043229 0.113889
0 0.085156 0.354630 0.042188 0.105556
0 0.111198 0.262963 0.031771 0.088889
0 0.238802 0.286574 0.030729 0.104630
0 0.271354 0.403704 0.041667 0.100000
0 0.342187 0.292130 0.027083 0.104630
0 0.280208 0.229630 0.026042 0.087037
0 0.251302 0.182407 0.027604 0.085185
0 0.523698 0.341667 0.038021 0.098148
0 0.659896 0.431019 0.043750 0.100926
0 0.750521 0.489815 0.033333 0.118519
0 0.724479 0.305556 0.031250 0.092593
0 0.803906 0.200463 0.039062 0.095370
0 0.962500 0.237963 0.030208 0.103704
1 0.569271 0.286574 0.033333 0.104630
3 0.170052 0.053241 0.033854 0.062037
