1 0.670052 0.279630 0.040104 0.101852
3 0.221875 0.051852 0.025000 0.079630
0 0.183854 0.268519 0.029167 0.092593
0 0.169792 0.360185 0.033333 0.090741
0 0.179427 0.511111 0.040104 0.125926
0 0.254948 0.567130 0.036979 0.102778
0 0.345573 0.551852 0.033854 0.098148
0 0.373437 0.412963 0.030208 0.101852
0 0.296615 0.311574 0.040104 0.108333
0 0.325521 0.194444 0.034375 0.094444
0 0.382552 0.233333 0.033854 0.105556
0 0.449740 0.298148 0.033854 0.092593
0 0.558854 0.564815 0.052083 0.137037
0 0.660677 0.343519 0.039062 0.090741
0 0.827344 0.437037 0.046354 0.100000
0 0.905990 0.490741 0.041146 0.127778
0 0.863281 0.315278 0.050521 0.115741
0 0.915365 0.211111 0.031771 0.116667
