1 0.773698 0.287963 0.032813 0.092593
3 0.280729 0.049537 0.022917 0.069444
0 0.250521 0.274074 0.028125 0.090741
0 0.242188 0.375926 0.032292 0.105556
0 0.265365 0.542130 0.027604 0.113889
0 0.294010 0.606944 0.043229 0.112037
0 0.467187 0.568056 0.042708 0.119444
0 0.477865 0.424074 0.038021 0.105556
0 0.343490 0.313426 0.033854 0.104630
0 0.388542 0.195370 0.028125 0.088889
0 0.476823 0.235185 0.040104 0.101852
0 0.554427 0.305556 0.041146 0.100000
0 0.689063 0.594907 0.032292 0.123148
0 0.787240 0.347222 0.038021 0.109259
0 0.977865 0.475463 0.034896 0.130556
