0 0.226562 0.386574 0.027083 0.112037
0 0.188021 0.526852 0.026042 0.137037
0 0.230208 0.577315 0.028125 0.112037
0 0.263021 0.599074 0.025000 0.135185
0 0.384115 0.510185 0.030729 0.127778
0 0.434635 0.255556 0.018229 0.100000
0 0.690625 0.336574 0.029167 0.119444
0 0.685937 0.365278 0.023958 0.108333
0 0.572396 0.531019 0.020833 0.119444
0 0.861719 0.581481 0.034896 0.135185
0 0.680469 0.783333 0.034896 0.144444
0 0.947917 0.178241 0.035417 0.100926
1 0.778646 0.434722 0.025000 0.119444
3 0.289583 0.052778 0.023958 0.081481
