0 0.436979 0.195370 0.031250 0.096296
0 0.391927 0.323611 0.034896 0.113889
0 0.567448 0.228704 0.034896 0.100000
0 0.651823 0.298148 0.035937 0.092593
0 0.582552 0.426852 0.036979 0.096296
0 0.614844 0.594907 0.038021 0.119444
0 0.820833 0.618056 0.051042 0.119444
0 0.876823 0.352778 0.030729 0.109259
0 0.309375 0.286111 0.028125 0.096296
0 0.314323 0.383796 0.035937 0.117593
0 0.341146 0.582407 0.027083 0.101852
0 0.355729 0.643056 0.026042 0.126852
1 0.896875 0.296296 0.031250 0.096296
3 0.339062 0.050926 0.033333 0.074074
