0 0.412500 0.237037 0.030208 0.094444
0 0.182812 0.384722 0.020833 0.108333
0 0.161719 0.494444 0.019271 0.092593
0 0.159375 0.579167 0.023958 0.115741
0 0.193229 0.585185 0.026042 0.127778
0 0.298438 0.482870 0.032292 0.126852
0 0.496354 0.511574 0.022917 0.115741
0 0.642969 0.333796 0.016146 0.110185
0 0.655469 0.360648 0.021354 0.106481
0 0.599219 0.773148 0.039062 0.144444
0 0.877865 0.575000 0.049479 0.140741
0 0.991667 0.334722 0.016667 0.123148
0 0.900000 0.155556 0.031250 0.096296
1 0.736979 0.448611 0.028125 0.115741
3 0.253385 0.050000 0.022396 0.075926
