0 0.388021 0.235185 0.018750 0.105556
0 0.171875 0.376852 0.025000 0.100000
0 0.111719 0.578704 0.017188 0.125926
0 0.149219 0.573611 0.035937 0.119444
0 0.180729 0.476389 0.031250 0.121296
0 0.238542 0.445370 0.026042 0.125926
0 0.452604 0.465741 0.023958 0.116667
0 0.538542 0.748611 0.026042 0.160185
0 0.608333 0.337500 0.025000 0.113889
0 0.634375 0.341204 0.027083 0.102778
0 0.878906 0.135185 0.032813 0.090741
0 0.961979 0.336574 0.020833 0.115741
0 0.989844 0.312500 0.020313 0.132407
0 0.991146 0.495833 0.017708 0.121296
0 0.877344 0.559259 0.029687 0.125926
1 0.692448 0.455093 0.030729 0.113889
3 0.235417 0.053241 0.021875 0.073148
