2 0.953385 0.143056 0.014063 0.021296
1 0.907813 0.306481 0.044792 0.101852
3 0.306250 0.052315 0.028125 0.071296
0 0.520833 0.139815 0.030208 0.085185
0 0.747135 0.181019 0.029687 0.075000
0 0.978385 0.113889 0.031771 0.087037
0 0.717448 0.387500 0.034896 0.132407
0 0.526302 0.583796 0.047396 0.112037
0 0.539323 0.463889 0.043229 0.103704
0 0.346354 0.412500 0.047917 0.113889
0 0.400521 0.310185 0.043750 0.101852
0 0.623698 0.260185 0.038021 0.090741
0 0.614844 0.196759 0.035937 0.102778
0 0.258854 0.302778 0.040625 0.112963
0 0.276823 0.241204 0.034896 0.106481
