2 0.894792 0.187037 0.016667 0.033333
1 0.766667 0.304630 0.035417 0.101852
3 0.242188 0.048148 0.032292 0.079630
0 0.200521 0.217593 0.025000 0.090741
0 0.191667 0.283333 0.031250 0.098148
0 0.229427 0.400000 0.042188 0.124074
0 0.296875 0.296759 0.031250 0.121296
0 0.358073 0.537037 0.034896 0.131481
0 0.390625 0.441667 0.050000 0.098148
0 0.603385 0.364352 0.039062 0.113889
0 0.428646 0.142593 0.034375 0.087037
0 0.523177 0.237963 0.034896 0.088889
0 0.512760 0.180556 0.035937 0.085185
0 0.657031 0.167593 0.031771 0.090741
0 0.857812 0.111111 0.040625 0.092593
0 0.973437 0.185185 0.041667 0.094444
