2 0.854167 0.235648 0.021875 0.025000
1 0.631510 0.316667 0.043229 0.094444
3 0.196354 0.043056 0.026042 0.073148
0 0.348438 0.135648 0.028125 0.080556
0 0.422656 0.179630 0.040104 0.090741
0 0.441667 0.241667 0.034375 0.092593
0 0.531250 0.351389 0.042708 0.117593
0 0.591406 0.181481 0.030729 0.083333
0 0.751563 0.108796 0.033333 0.087963
0 0.879427 0.204630 0.040104 0.101852
0 0.895312 0.336574 0.045833 0.119444
0 0.947396 0.566204 0.050000 0.119444
0 0.255990 0.421759 0.036979 0.115741
0 0.225781 0.512963 0.041146 0.118519
0 0.154167 0.397222 0.043750 0.105556
0 0.124219 0.282870 0.035937 0.115741
0 0.151562 0.227315 0.051042 0.113889
0 0.210156 0.278241 0.040104 0.115741
