0 0.195573 0.518981 0.034896 0.117593
0 0.165885 0.395370 0.036979 0.098148
0 0.099740 0.399074 0.041146 0.122222
0 0.073958 0.283333 0.028125 0.105556
0 0.109115 0.237037 0.033854 0.109259
0 0.142187 0.268056 0.032292 0.102778
0 0.288542 0.141667 0.028125 0.088889
0 0.369531 0.266204 0.031771 0.106481
0 0.372656 0.201389 0.042188 0.104630
0 0.513542 0.354630 0.023958 0.098148
0 0.555990 0.206481 0.035937 0.094444
0 0.659375 0.107407 0.033333 0.092593
0 0.794010 0.317130 0.040104 0.100926
0 0.816927 0.238426 0.036979 0.108333
0 0.974479 0.162963 0.036458 0.103704
0 0.829167 0.588426 0.054167 0.106481
0 0.887760 0.448611 0.045312 0.123148
1 0.528646 0.351852 0.028125 0.092593
3 0.160677 0.047685 0.023438 0.067593
