2 0.714063 0.333796 0.015625 0.032407
3 0.144271 0.055093 0.023958 0.073148
1 0.427604 0.390278 0.036458 0.108333
0 0.231250 0.150926 0.030208 0.092593
0 0.302083 0.280556 0.029167 0.077778
0 0.325000 0.226852 0.031250 0.088889
0 0.471615 0.378241 0.038021 0.106481
0 0.501302 0.225000 0.030729 0.088889
0 0.582031 0.093519 0.040104 0.092593
0 0.708073 0.231481 0.029687 0.083333
0 0.733073 0.304630 0.029687 0.109259
0 0.717187 0.616204 0.047917 0.134259
0 0.780208 0.440741 0.041667 0.142593
0 0.964323 0.393519 0.035937 0.109259
0 0.910937 0.176389 0.029167 0.097222
0 0.165365 0.538889 0.038021 0.124074
0 0.115885 0.368519 0.038021 0.101852
0 0.086458 0.277315 0.033333 0.110185
0 0.066146 0.251852 0.032292 0.092593
0 0.038542 0.293056 0.029167 0.089815
0 0.049479 0.397222 0.042708 0.129630
