2 0.627865 0.362500 0.020313 0.028704
1 0.320052 0.420833 0.034896 0.117593
3 0.101042 0.047685 0.023958 0.067593
0 0.854427 0.181481 0.035937 0.090741
0 0.936458 0.259259 0.041667 0.103704
0 0.912760 0.428241 0.043229 0.113889
0 0.598958 0.642130 0.043750 0.128704
0 0.674479 0.450463 0.035417 0.119444
0 0.654427 0.326852 0.043229 0.100000
0 0.616927 0.243056 0.033854 0.099074
0 0.501823 0.089815 0.031771 0.092593
0 0.481510 0.373148 0.038021 0.114815
0 0.416146 0.250000 0.027083 0.092593
0 0.236198 0.304630 0.035937 0.079630
0 0.262240 0.241667 0.038021 0.096296
0 0.172656 0.154167 0.030729 0.086111
0 0.155208 0.369444 0.034375 0.103704
0 0.129948 0.568056 0.035937 0.126852
0 0.027865 0.386574 0.033854 0.100926
0 0.019010 0.278704 0.031771 0.131481
