2 0.581250 0.395370 0.007292 0.025926
1 0.202604 0.456019 0.029167 0.108333
3 0.056510 0.052315 0.028646 0.071296
0 0.071094 0.399074 0.031771 0.094444
0 0.095052 0.575463 0.035937 0.115741
0 0.111458 0.159259 0.029167 0.081481
0 0.193229 0.259259 0.030208 0.085185
0 0.205208 0.353704 0.023958 0.092593
0 0.225260 0.386574 0.040104 0.100926
0 0.485156 0.666667 0.047396 0.142593
0 0.332813 0.260648 0.029167 0.113889
0 0.436719 0.099074 0.042188 0.088889
0 0.490365 0.371296 0.041146 0.096296
0 0.573958 0.444907 0.030208 0.115741
0 0.579427 0.354167 0.047396 0.108333
0 0.540365 0.243519 0.034896 0.096296
0 0.810677 0.188889 0.032813 0.098148
0 0.861198 0.447685 0.040104 0.106481
0 0.892188 0.277315 0.050000 0.117593
