2 0.600781 0.449537 0.020313 0.028704
1 0.092448 0.456019 0.036979 0.126852
3 0.034375 0.049537 0.025000 0.069444
0 0.059115 0.443519 0.033854 0.101852
0 0.103646 0.604630 0.046875 0.124074
0 0.364844 0.695370 0.039062 0.124074
0 0.207031 0.444444 0.038021 0.096296
0 0.196615 0.389815 0.036979 0.101852
0 0.148698 0.272685 0.034896 0.108333
0 0.068490 0.172222 0.030729 0.092593
0 0.268750 0.277778 0.029167 0.094444
0 0.404167 0.112037 0.029167 0.083333
0 0.507292 0.247222 0.035417 0.094444
0 0.480208 0.466667 0.035417 0.122222
0 0.512760 0.403704 0.048438 0.092593
0 0.565365 0.387500 0.041146 0.099074
0 0.831250 0.495833 0.039583 0.113889
0 0.783594 0.206481 0.041146 0.094444
0 0.858073 0.294907 0.040104 0.113889
0 0.917969 0.309259 0.043229 0.103704
