0 0.847656 0.119444 0.034896 0.087037
0 0.963542 0.299074 0.021875 0.101852
0 0.927344 0.307407 0.020313 0.103704
0 0.971615 0.477315 0.033854 0.123148
0 0.827604 0.543981 0.022917 0.132407
0 0.515885 0.724074 0.040104 0.127778
0 0.104167 0.588426 0.023958 0.121296
0 0.178385 0.367130 0.014063 0.119444
0 0.151823 0.562037 0.034896 0.124074
0 0.189062 0.452315 0.021875 0.115741
0 0.209375 0.422222 0.030208 0.129630
0 0.443750 0.444907 0.021875 0.119444
0 0.379688 0.221759 0.023958 0.110185
0 0.562500 0.308333 0.027083 0.105556
0 0.623958 0.323611 0.021875 0.110185
1 0.648438 0.469444 0.037500 0.135185
3 0.244271 0.050000 0.021875 0.075926
