2 0.710938 0.561111 0.021875 0.037037
1 0.029687 0.468519 0.025000 0.105556
3 0.054688 0.050926 0.022917 0.064815
0 0.015885 0.505556 0.022396 0.094444
0 0.074479 0.642130 0.035417 0.121296
0 0.129167 0.495833 0.036458 0.113889
0 0.169271 0.427315 0.028125 0.115741
0 0.111979 0.276852 0.030208 0.100000
0 0.058073 0.188889 0.029687 0.083333
0 0.260937 0.300926 0.031250 0.098148
0 0.417708 0.115741 0.028125 0.090741
0 0.512760 0.268519 0.027604 0.092593
0 0.307812 0.773148 0.051042 0.140741
0 0.447135 0.496759 0.039062 0.104630
0 0.513802 0.442593 0.040104 0.114815
0 0.616406 0.398148 0.049479 0.100000
0 0.814063 0.553241 0.028125 0.117593
0 0.770833 0.204630 0.029167 0.098148
0 0.833333 0.304630 0.017708 0.090741
0 0.849740 0.301852 0.030729 0.111111
