2 0.644792 0.686574 0.021875 0.032407
3 0.072917 0.055093 0.021875 0.065741
0 0.067708 0.192130 0.029167 0.076852
0 0.080469 0.270833 0.032813 0.100926
0 0.271875 0.315278 0.031250 0.097222
0 0.134115 0.449537 0.033854 0.113889
0 0.023958 0.567130 0.036458 0.128704
0 0.060417 0.695833 0.051042 0.113889
0 0.096615 0.576389 0.047396 0.117593
0 0.283333 0.831481 0.067708 0.148148
0 0.439583 0.123148 0.030208 0.094444
0 0.454427 0.493981 0.038021 0.110185
0 0.519271 0.546759 0.040625 0.126852
0 0.530469 0.271759 0.036979 0.102778
0 0.693490 0.423148 0.036979 0.135185
0 0.791406 0.603241 0.040104 0.117593
0 0.753125 0.311574 0.032292 0.119444
0 0.752344 0.222685 0.038021 0.093519
0 0.833073 0.317130 0.040104 0.123148
