2 0.402865 0.877778 0.015104 0.040741
3 0.987760 0.893056 0.024479 0.141667
3 0.067969 0.045833 0.035937 0.071296
0 0.360938 0.857407 0.044792 0.127778
0 0.133073 0.763426 0.046354 0.121296
0 0.071615 0.672222 0.056771 0.111111
0 0.097135 0.498611 0.038021 0.112037
0 0.067969 0.275000 0.029687 0.096296
0 0.052865 0.213426 0.038021 0.115741
0 0.277865 0.324074 0.030729 0.087037
0 0.353125 0.543981 0.031250 0.110185
0 0.584375 0.577778 0.046875 0.124074
0 0.543750 0.293519 0.028125 0.090741
0 0.467708 0.138889 0.026042 0.079630
0 0.680990 0.305556 0.027604 0.107407
0 0.739062 0.231481 0.041667 0.094444
0 0.821615 0.333333 0.034896 0.098148
0 0.754167 0.446759 0.041667 0.119444
0 0.846875 0.654167 0.044792 0.121296
