2 0.511979 0.880556 0.026042 0.050000
3 0.068490 0.047222 0.030729 0.077778
3 0.989844 0.892130 0.020313 0.130556
0 0.027083 0.230556 0.019792 0.085185
0 0.051823 0.281481 0.038021 0.083333
0 0.033073 0.538889 0.038021 0.131481
0 0.256250 0.350000 0.034375 0.103704
0 0.267969 0.826389 0.071354 0.143519
0 0.314583 0.627778 0.052083 0.135185
0 0.599479 0.608333 0.044792 0.135185
0 0.545312 0.315278 0.035417 0.097222
0 0.499740 0.161111 0.035937 0.092593
0 0.639844 0.303704 0.031771 0.107407
0 0.740625 0.245833 0.027083 0.112037
0 0.805729 0.348611 0.037500 0.113889
0 0.764583 0.490741 0.048958 0.120370
0 0.863802 0.713889 0.049479 0.133333
