2 0.888802 0.780093 0.019271 0.037963
3 0.091667 0.054167 0.022917 0.063889
0 0.042188 0.242593 0.023958 0.094444
0 0.058073 0.299074 0.035937 0.098148
0 0.033333 0.539815 0.031250 0.129630
0 0.257031 0.379630 0.036979 0.101852
0 0.260417 0.845833 0.052083 0.150926
0 0.413021 0.869907 0.044792 0.136111
0 0.384635 0.621759 0.038021 0.126852
0 0.620313 0.601852 0.046875 0.129630
0 0.552865 0.341667 0.029687 0.098148
0 0.536458 0.169444 0.029167 0.090741
0 0.614323 0.330556 0.041146 0.088889
0 0.748698 0.496759 0.047396 0.126852
0 0.759635 0.250463 0.041146 0.110185
0 0.824479 0.356944 0.052083 0.110185
