0 0.952083 0.712500 0.055208 0.176852
0 0.372917 0.863889 0.044792 0.129630
0 0.203125 0.830556 0.056250 0.142593
0 0.094010 0.492130 0.044271 0.117593
0 0.092969 0.247685 0.035937 0.100926
0 0.133594 0.290278 0.036979 0.108333
0 0.302344 0.390278 0.040104 0.108333
0 0.417969 0.588426 0.043229 0.128704
0 0.670312 0.588889 0.055208 0.131481
0 0.577344 0.346296 0.026562 0.124074
0 0.571094 0.166667 0.039062 0.092593
0 0.609896 0.330556 0.032292 0.124074
0 0.839583 0.506019 0.048958 0.126852
0 0.816146 0.236111 0.047917 0.111111
0 0.911979 0.355093 0.055208 0.117593
3 0.081510 0.056944 0.034896 0.069444
