2 0.946354 0.592130 0.021875 0.039815
3 0.092708 0.050463 0.027083 0.071296
0 0.159635 0.802315 0.047396 0.128704
0 0.357552 0.834259 0.044271 0.138889
0 0.152344 0.449537 0.035937 0.113889
0 0.155729 0.236111 0.027083 0.100000
0 0.222656 0.286574 0.041146 0.108333
0 0.361458 0.363426 0.036458 0.112037
0 0.471094 0.552315 0.041146 0.123148
0 0.731510 0.539352 0.043229 0.123148
0 0.910937 0.504167 0.042708 0.100926
0 0.975260 0.641204 0.040104 0.134259
0 0.851302 0.214352 0.035937 0.110185
0 0.584375 0.329630 0.037500 0.109259
0 0.624219 0.317130 0.039062 0.108333
0 0.575781 0.146759 0.035937 0.106481
