3 0.120833 0.049537 0.025000 0.069444
0 0.146094 0.766667 0.046354 0.135185
0 0.372396 0.802315 0.054167 0.128704
0 0.196615 0.406944 0.036979 0.102778
0 0.197396 0.207407 0.028125 0.092593
0 0.286979 0.268056 0.033333 0.117593
0 0.404948 0.333796 0.032813 0.082407
0 0.515885 0.506481 0.035937 0.138889
0 0.577344 0.320833 0.041146 0.108333
0 0.572135 0.124074 0.039062 0.085185
0 0.646094 0.297222 0.040104 0.087037
0 0.817187 0.528704 0.047917 0.133333
0 0.946354 0.500463 0.047917 0.123148
0 0.872396 0.179630 0.045833 0.098148
