0 0.844271 0.467593 0.039583 0.127778
0 0.955469 0.480093 0.042188 0.113889
0 0.874479 0.161111 0.030208 0.103704
2 0.971354 0.394444 0.021875 0.035185
0 0.666146 0.279630 0.028125 0.090741
0 0.395573 0.763889 0.057813 0.137037
0 0.531250 0.458796 0.035417 0.106481
0 0.575000 0.301852 0.028125 0.103704
0 0.555208 0.101389 0.027083 0.080556
0 0.436458 0.287963 0.028125 0.092593
0 0.134375 0.732407 0.052083 0.138889
0 0.227865 0.367130 0.041146 0.112037
0 0.324479 0.238889 0.028125 0.098148
0 0.229167 0.188889 0.032292 0.083333
0 0.013021 0.306019 0.021875 0.112037
0 0.029427 0.358796 0.021354 0.102778
0 0.042969 0.392593 0.033854 0.131481
1 0.008333 0.520833 0.015625 0.128704
3 0.123958 0.046759 0.028125 0.073148
