2 0.975000 0.324537 0.016667 0.023148
1 0.009635 0.490278 0.018229 0.113889
3 0.143750 0.050926 0.031250 0.077778
0 0.987760 0.287500 0.024479 0.102778
0 0.921615 0.452315 0.038021 0.126852
0 0.815885 0.440741 0.034896 0.111111
0 0.865365 0.134259 0.029687 0.085185
0 0.659375 0.251852 0.033333 0.100000
0 0.417708 0.739352 0.045833 0.123148
0 0.486719 0.414815 0.029687 0.105556
0 0.569792 0.272222 0.028125 0.098148
0 0.517188 0.078241 0.025000 0.069444
0 0.449479 0.250000 0.030208 0.092593
0 0.091927 0.679630 0.040104 0.127778
0 0.239844 0.326852 0.028646 0.100000
0 0.307031 0.220833 0.032813 0.097222
0 0.247396 0.157407 0.028125 0.096296
0 0.050521 0.287963 0.022917 0.088889
0 0.063021 0.350000 0.026042 0.116667
0 0.085156 0.358796 0.033854 0.106481
