0 0.373958 0.199537 0.016667 0.097222
0 0.534375 0.288889 0.029167 0.090741
0 0.595833 0.298148 0.032292 0.103704
0 0.446615 0.407870 0.033854 0.108333
0 0.492188 0.700926 0.055208 0.150000
0 0.765625 0.540741 0.037500 0.127778
0 0.814844 0.102778 0.032813 0.092593
0 0.897396 0.293981 0.026042 0.112037
0 0.928385 0.295833 0.022396 0.115741
0 0.979167 0.461111 0.027083 0.137037
0 0.175781 0.338426 0.019271 0.084259
0 0.195833 0.392593 0.018750 0.127778
0 0.180208 0.427315 0.028125 0.130556
0 0.165365 0.546759 0.035937 0.123148
0 0.135677 0.580556 0.036979 0.122222
1 0.601302 0.477315 0.030729 0.123148
3 0.254948 0.050000 0.019271 0.075926
