0 0.891406 0.252315 0.040104 0.110185
0 0.879427 0.430093 0.046354 0.125000
0 0.779167 0.422222 0.032292 0.105556
0 0.833333 0.121296 0.034375 0.075926
0 0.643750 0.217593 0.028125 0.094444
0 0.563802 0.257407 0.031771 0.100000
0 0.437500 0.699074 0.047917 0.127778
0 0.409635 0.388426 0.042188 0.115741
0 0.447656 0.225926 0.027604 0.087037
0 0.468229 0.071296 0.031250 0.083333
0 0.029427 0.636111 0.036979 0.133333
0 0.058073 0.341204 0.044271 0.110185
0 0.095052 0.325000 0.048438 0.111111
0 0.065625 0.275463 0.044792 0.106481
0 0.255729 0.305556 0.044792 0.111111
0 0.281771 0.198611 0.031250 0.099074
0 0.241406 0.132870 0.031771 0.086111
3 0.148698 0.050463 0.023438 0.067593
