2 0.774740 0.193981 0.021354 0.030556
3 0.120573 0.044907 0.030729 0.065741
0 0.450521 0.678704 0.047917 0.129630
0 0.750781 0.408796 0.034896 0.117593
0 0.816927 0.409722 0.039062 0.119444
0 0.828906 0.221759 0.036979 0.113889
0 0.762760 0.111574 0.036979 0.082407
0 0.622135 0.184259 0.038021 0.085185
0 0.557292 0.226389 0.029167 0.100926
0 0.360677 0.363426 0.038021 0.119444
0 0.427604 0.190741 0.036458 0.087037
0 0.411198 0.062963 0.032813 0.088889
0 0.223438 0.110648 0.026042 0.073148
0 0.245312 0.171759 0.034375 0.106481
0 0.235156 0.261111 0.042188 0.092593
0 0.043490 0.230556 0.032813 0.081481
0 0.020313 0.343056 0.039583 0.121296
0 0.071094 0.304630 0.040104 0.101852
