3 0.089583 0.048148 0.044792 0.072222
0 0.025781 0.200463 0.035937 0.086111
0 0.015365 0.286574 0.029687 0.108333
0 0.202865 0.244907 0.034896 0.099074
0 0.207813 0.162500 0.033333 0.112037
0 0.195052 0.097222 0.040104 0.085185
0 0.338281 0.348148 0.035937 0.107407
0 0.384115 0.162037 0.034896 0.079630
0 0.344531 0.058796 0.031771 0.069444
0 0.465104 0.649074 0.061458 0.146296
0 0.715885 0.391204 0.042188 0.106481
0 0.757552 0.367130 0.047396 0.119444
0 0.578906 0.151389 0.031771 0.087963
0 0.598437 0.206481 0.035417 0.101852
0 0.721094 0.109722 0.050521 0.086111
2 0.710156 0.139815 0.014063 0.027778
0 0.806250 0.217593 0.030208 0.098148
0 0.971354 0.467593 0.047917 0.127778
