2 0.692448 0.141667 0.010937 0.018519
3 0.051562 0.054167 0.027083 0.075000
0 0.164062 0.084722 0.019792 0.075000
0 0.276302 0.074074 0.029687 0.088889
0 0.215625 0.145370 0.027083 0.085185
0 0.206250 0.218519 0.043750 0.100000
0 0.314323 0.319907 0.038021 0.121296
0 0.351562 0.143519 0.034375 0.074074
0 0.468229 0.618056 0.046875 0.119444
0 0.689583 0.366667 0.033333 0.098148
0 0.691927 0.336574 0.038021 0.119444
0 0.921615 0.441667 0.040104 0.137037
0 0.801042 0.210185 0.050000 0.112963
0 0.641146 0.185185 0.028125 0.094444
0 0.591927 0.132870 0.029687 0.086111
0 0.703385 0.110185 0.036979 0.090741
