2 0.624740 0.198611 0.016146 0.021296
0 0.144531 0.078241 0.032813 0.069444
0 0.243750 0.071296 0.033333 0.072222
0 0.258333 0.153241 0.030208 0.065741
0 0.269531 0.212963 0.035937 0.096296
0 0.312240 0.307870 0.038021 0.115741
0 0.349219 0.148148 0.039062 0.098148
0 0.466146 0.612963 0.053125 0.140741
0 0.621354 0.325926 0.027083 0.101852
0 0.656510 0.350926 0.049479 0.133333
0 0.614844 0.135648 0.031771 0.069444
0 0.639323 0.171296 0.032813 0.090741
0 0.687500 0.114815 0.033333 0.092593
0 0.819010 0.206944 0.038021 0.112037
0 0.869271 0.412500 0.043750 0.106481
3 0.029687 0.048611 0.027083 0.069444
