2 0.516406 0.204167 0.017188 0.036111
3 0.029427 0.042130 0.030729 0.067593
0 0.134635 0.086574 0.023438 0.075000
0 0.241146 0.078241 0.028125 0.076852
0 0.235417 0.182870 0.026042 0.078704
0 0.268750 0.228704 0.031250 0.096296
0 0.295052 0.161111 0.034896 0.096296
0 0.291406 0.314352 0.050521 0.102778
0 0.430469 0.593519 0.068229 0.138889
0 0.556510 0.308333 0.039062 0.101852
0 0.624219 0.350926 0.041146 0.112963
0 0.550781 0.178241 0.029687 0.080556
0 0.569271 0.160185 0.033333 0.087037
0 0.692969 0.125000 0.038021 0.101852
0 0.828906 0.215278 0.034896 0.119444
0 0.812760 0.405093 0.041146 0.113889
