2 0.413802 0.193981 0.014063 0.030556
0 0.118490 0.100463 0.036979 0.078704
0 0.231250 0.083796 0.036458 0.108333
0 0.161198 0.187963 0.022396 0.092593
0 0.190885 0.210185 0.041146 0.101852
0 0.216406 0.170370 0.035937 0.088889
0 0.229427 0.306944 0.040104 0.113889
0 0.353906 0.607407 0.071354 0.140741
0 0.424219 0.168519 0.032813 0.100000
0 0.462760 0.174537 0.035937 0.097222
0 0.498698 0.308796 0.035937 0.113889
0 0.575260 0.335648 0.047396 0.117593
0 0.675521 0.133333 0.040625 0.094444
0 0.760677 0.403241 0.045312 0.128704
0 0.811719 0.215278 0.034896 0.108333
