2 0.290885 0.173611 0.010937 0.032407
3 0.964063 0.897685 0.051042 0.154630
0 0.262240 0.620833 0.040104 0.125000
0 0.151562 0.300926 0.027083 0.090741
0 0.065625 0.173611 0.027083 0.078704
0 0.070573 0.096296 0.028646 0.059259
0 0.095573 0.199074 0.028646 0.092593
0 0.161719 0.168056 0.023438 0.071296
0 0.180208 0.088426 0.028125 0.063889
0 0.302083 0.137037 0.022917 0.090741
0 0.346354 0.181019 0.028125 0.082407
0 0.461198 0.302315 0.049479 0.113889
0 0.542969 0.329167 0.042188 0.115741
0 0.703906 0.387500 0.038021 0.128704
0 0.651042 0.134259 0.030208 0.088889
0 0.776823 0.220833 0.041146 0.100926
