0 0.764583 0.093519 0.025000 0.077778
0 0.861719 0.267593 0.021354 0.090741
0 0.887500 0.282407 0.026042 0.092593
0 0.980469 0.446296 0.029687 0.135185
0 0.685156 0.509259 0.033854 0.105556
0 0.420052 0.668519 0.043229 0.142593
0 0.177865 0.302778 0.034896 0.075926
0 0.178646 0.370370 0.035417 0.101852
0 0.221875 0.381944 0.031250 0.117593
0 0.168229 0.522685 0.028125 0.113889
0 0.146094 0.556019 0.029687 0.112037
0 0.409115 0.175000 0.019271 0.094444
0 0.443750 0.367130 0.030208 0.115741
0 0.502604 0.262963 0.032292 0.085185
0 0.575000 0.265741 0.021875 0.090741
1 0.559896 0.475463 0.032292 0.115741
3 0.247917 0.051852 0.022917 0.062963
