2 0.276302 0.071296 0.005729 0.020370
3 0.815885 0.877778 0.041146 0.144444
0 0.433073 0.440741 0.030729 0.103704
0 0.064583 0.296759 0.031250 0.125000
0 0.029948 0.069907 0.018229 0.065741
0 0.238281 0.113889 0.027604 0.090741
0 0.305208 0.081019 0.023958 0.078704
0 0.390625 0.061574 0.023958 0.078704
0 0.373958 0.179167 0.022917 0.082407
0 0.408594 0.250000 0.029687 0.100000
0 0.521094 0.294907 0.034896 0.102778
0 0.535417 0.103241 0.031250 0.076852
0 0.645573 0.290278 0.032813 0.108333
0 0.664323 0.194907 0.039062 0.121296
