2 0.306510 0.067593 0.009896 0.012963
3 0.857292 0.875926 0.038542 0.140741
0 0.514062 0.410648 0.029167 0.106481
0 0.554948 0.288889 0.035937 0.098148
0 0.696615 0.272222 0.030729 0.098148
0 0.666406 0.175463 0.034896 0.102778
0 0.564844 0.105093 0.035937 0.069444
0 0.446875 0.237037 0.026042 0.087037
0 0.435417 0.182407 0.023958 0.088889
0 0.446615 0.071296 0.033854 0.083333
0 0.330469 0.090741 0.031771 0.083333
0 0.271354 0.116667 0.023958 0.085185
0 0.113542 0.074074 0.020833 0.081481
0 0.027865 0.152315 0.031771 0.086111
0 0.117708 0.283796 0.033333 0.117593
1 0.053385 0.264815 0.036979 0.100000
