1 0.185677 0.242130 0.030729 0.084259
3 0.905990 0.882407 0.034896 0.127778
2 0.336719 0.066204 0.013021 0.023148
0 0.052865 0.130093 0.016146 0.084259
0 0.062500 0.150463 0.020833 0.086111
0 0.160677 0.290278 0.021354 0.104630
0 0.313542 0.117593 0.028125 0.079630
0 0.197656 0.057870 0.015104 0.078704
0 0.346354 0.106019 0.028125 0.067593
0 0.476562 0.237963 0.028125 0.100000
0 0.479687 0.185185 0.036458 0.098148
0 0.486719 0.080093 0.031771 0.080556
0 0.601302 0.121296 0.030729 0.087037
0 0.590885 0.288426 0.038021 0.104630
0 0.578385 0.399074 0.036979 0.105556
0 0.688021 0.169444 0.028125 0.090741
0 0.728906 0.263426 0.035937 0.115741
