2 0.364323 0.065278 0.009896 0.021296
0 0.135417 0.118519 0.025000 0.074074
0 0.092708 0.165741 0.025000 0.087037
0 0.209635 0.287963 0.034896 0.096296
0 0.347917 0.127778 0.027083 0.096296
0 0.356771 0.109722 0.027083 0.075000
0 0.278906 0.041204 0.021354 0.069444
0 0.498177 0.214815 0.032813 0.092593
0 0.517708 0.184259 0.030208 0.088889
0 0.522917 0.074074 0.023958 0.064815
0 0.611458 0.111574 0.022917 0.075000
0 0.716667 0.169444 0.025000 0.105556
0 0.765625 0.262500 0.040625 0.110185
0 0.632031 0.277778 0.031771 0.090741
0 0.611458 0.387500 0.029167 0.110185
1 0.304427 0.222685 0.024479 0.087963
3 0.950260 0.879630 0.042188 0.144444
