2 0.386198 0.070370 0.015104 0.014815
1 0.407552 0.206481 0.031771 0.090741
3 0.977865 0.886111 0.032813 0.135185
0 0.654427 0.369444 0.034896 0.100000
0 0.259896 0.302778 0.031250 0.109259
0 0.129688 0.157407 0.031250 0.085185
0 0.196875 0.122685 0.029167 0.076852
0 0.360156 0.115741 0.017188 0.079630
0 0.382812 0.126389 0.025000 0.073148
0 0.524740 0.209259 0.027604 0.088889
0 0.556250 0.183333 0.029167 0.090741
0 0.552604 0.073148 0.026042 0.087037
0 0.622396 0.115741 0.025000 0.098148
0 0.732031 0.162037 0.029687 0.094444
0 0.670052 0.258333 0.029687 0.087037
0 0.788281 0.251389 0.038021 0.123148
