0 0.692448 0.356481 0.036979 0.098148
0 0.707552 0.265278 0.032813 0.100926
0 0.744010 0.166667 0.035937 0.096296
0 0.816667 0.253704 0.029167 0.092593
0 0.544271 0.204630 0.027083 0.090741
0 0.590365 0.179167 0.028646 0.110185
0 0.632292 0.121296 0.027083 0.079630
0 0.579167 0.082870 0.029167 0.089815
1 0.484635 0.190741 0.029687 0.090741
2 0.403125 0.070370 0.007292 0.018519
0 0.396615 0.056944 0.018229 0.069444
0 0.390104 0.123148 0.027083 0.083333
0 0.424479 0.119444 0.021875 0.083333
0 0.302865 0.291204 0.036979 0.095370
0 0.258333 0.119444 0.034375 0.079630
0 0.166667 0.161111 0.040625 0.077778
