0 0.708594 0.074074 0.023438 0.064815
0 0.160156 0.266204 0.031771 0.086111
0 0.170052 0.335185 0.038021 0.098148
0 0.238281 0.340278 0.038021 0.100926
0 0.175781 0.488889 0.039062 0.124074
0 0.151302 0.525463 0.038021 0.112037
0 0.329948 0.601852 0.036979 0.125926
0 0.432292 0.324074 0.027083 0.109259
0 0.437760 0.148148 0.035937 0.087037
0 0.468750 0.238889 0.032292 0.083333
0 0.571354 0.226389 0.025000 0.084259
0 0.593750 0.474537 0.032292 0.125000
0 0.810417 0.239815 0.026042 0.100000
0 0.830208 0.259259 0.019792 0.092593
0 0.931510 0.404167 0.040104 0.119444
1 0.505208 0.461574 0.035417 0.123148
3 0.227083 0.049537 0.023958 0.069444
