2 0.363542 0.028241 0.008333 0.026852
1 0.544271 0.184259 0.022917 0.103704
0 0.034896 0.163889 0.028125 0.101852
0 0.056510 0.347222 0.034896 0.105556
0 0.016406 0.488889 0.028646 0.131481
0 0.200781 0.169907 0.028646 0.110185
0 0.337500 0.287037 0.034375 0.101852
0 0.303906 0.114352 0.028646 0.108333
0 0.417708 0.122222 0.023958 0.085185
0 0.454688 0.133333 0.023958 0.087037
0 0.576562 0.203704 0.027083 0.092593
0 0.605208 0.089352 0.029167 0.076852
0 0.618750 0.172222 0.028125 0.096296
0 0.661458 0.138889 0.027083 0.105556
0 0.730208 0.349074 0.026042 0.105556
0 0.738542 0.267130 0.025000 0.087963
0 0.759115 0.168519 0.029687 0.107407
0 0.840104 0.256481 0.028125 0.118519
0 0.369531 0.044907 0.033854 0.062037
