2 0.319010 0.028704 0.008854 0.016667
1 0.578906 0.169907 0.016146 0.075000
0 0.318750 0.042130 0.029167 0.063889
0 0.327344 0.104167 0.033854 0.099074
0 0.052604 0.147222 0.033333 0.103704
0 0.073438 0.497685 0.033333 0.121296
0 0.109115 0.341204 0.040104 0.110185
0 0.229167 0.162037 0.026042 0.087037
0 0.375000 0.287037 0.029167 0.098148
0 0.445312 0.129167 0.029167 0.071296
0 0.469531 0.137963 0.033854 0.096296
0 0.591667 0.197685 0.026042 0.104630
0 0.592708 0.083796 0.028125 0.069444
0 0.642969 0.157407 0.029687 0.088889
0 0.681510 0.136574 0.030729 0.106481
0 0.773177 0.335185 0.033854 0.094444
0 0.770052 0.259259 0.035937 0.088889
0 0.769531 0.171759 0.036979 0.117593
0 0.851823 0.248611 0.036979 0.117593
