1 0.610417 0.162037 0.022917 0.098148
0 0.123177 0.496759 0.040104 0.123148
0 0.049479 0.148148 0.033333 0.101852
0 0.154167 0.341204 0.039583 0.113889
0 0.245833 0.175463 0.025000 0.113889
0 0.296875 0.052315 0.027083 0.067593
0 0.347135 0.122222 0.034896 0.088889
0 0.408594 0.292130 0.044271 0.119444
0 0.439063 0.131944 0.029167 0.065741
0 0.465365 0.125926 0.036979 0.092593
0 0.564844 0.088426 0.038021 0.078704
0 0.596875 0.204630 0.032292 0.098148
0 0.654948 0.153241 0.033854 0.104630
0 0.688021 0.136574 0.034375 0.110185
0 0.772135 0.167593 0.027604 0.105556
0 0.785156 0.255093 0.031771 0.119444
0 0.801823 0.333796 0.034896 0.102778
0 0.854948 0.255556 0.043229 0.111111
