1 0.637500 0.162037 0.018750 0.087037
0 0.293750 0.047685 0.025000 0.067593
0 0.044792 0.132407 0.026042 0.088889
0 0.015625 0.348148 0.030208 0.111111
0 0.152344 0.503241 0.035937 0.117593
0 0.197656 0.318519 0.030729 0.090741
0 0.238802 0.158333 0.025521 0.087037
0 0.430990 0.283333 0.032813 0.094444
0 0.348438 0.142593 0.028125 0.083333
0 0.408073 0.103241 0.023438 0.080556
0 0.442188 0.121296 0.029167 0.094444
0 0.553125 0.088426 0.029167 0.078704
0 0.595833 0.196759 0.034375 0.106481
0 0.667969 0.150463 0.029687 0.099074
0 0.696875 0.130093 0.026042 0.108333
0 0.773958 0.160185 0.026042 0.098148
0 0.796354 0.243981 0.023958 0.115741
0 0.816927 0.324537 0.036979 0.073148
0 0.845833 0.243056 0.031250 0.121296
