0 0.309896 0.051389 0.025000 0.065741
0 0.047396 0.124537 0.044792 0.108333
0 0.030469 0.349074 0.025521 0.129630
0 0.173698 0.514815 0.043229 0.125926
0 0.218750 0.307407 0.037500 0.088889
0 0.229687 0.157407 0.033333 0.096296
0 0.333854 0.131944 0.033333 0.087963
0 0.448177 0.281481 0.043229 0.094444
0 0.372396 0.094444 0.030208 0.075926
0 0.406510 0.113426 0.033854 0.075000
0 0.554948 0.085648 0.038021 0.087963
0 0.594271 0.188889 0.027083 0.087037
0 0.679167 0.149537 0.026042 0.073148
0 0.705208 0.132870 0.030208 0.106481
0 0.782292 0.151852 0.032292 0.090741
0 0.806250 0.237963 0.034375 0.085185
0 0.825260 0.221759 0.033854 0.110185
0 0.825781 0.314352 0.034896 0.125000
1 0.645312 0.156019 0.029167 0.099074
