1 0.657031 0.175926 0.020313 0.092593
0 0.325521 0.057870 0.032292 0.063889
0 0.076042 0.125926 0.030208 0.092593
0 0.069531 0.334722 0.039062 0.104630
0 0.202344 0.523611 0.040104 0.104630
0 0.243490 0.306481 0.035937 0.101852
0 0.252344 0.151852 0.027604 0.090741
0 0.331771 0.143056 0.029167 0.067593
0 0.354167 0.107407 0.025000 0.092593
0 0.433594 0.108796 0.027604 0.080556
0 0.474219 0.265278 0.032813 0.100926
0 0.577344 0.083796 0.025521 0.069444
0 0.601302 0.127315 0.032813 0.086111
0 0.605990 0.191204 0.031771 0.110185
0 0.663021 0.131019 0.041667 0.089815
0 0.787500 0.145370 0.027083 0.077778
0 0.807292 0.231481 0.026042 0.101852
0 0.826823 0.240278 0.030729 0.115741
0 0.835677 0.319907 0.045312 0.110185
