2 0.539844 0.077315 0.011979 0.017593
1 0.664583 0.169444 0.025000 0.098148
0 0.243229 0.501389 0.030208 0.117593
0 0.104688 0.328704 0.033333 0.131481
0 0.103646 0.125926 0.033333 0.096296
0 0.267188 0.289352 0.030208 0.099074
0 0.286979 0.158796 0.027083 0.076852
0 0.350781 0.063889 0.015104 0.090741
0 0.348438 0.146296 0.034375 0.094444
0 0.390625 0.100926 0.028125 0.096296
0 0.501302 0.275926 0.030729 0.101852
0 0.457813 0.115741 0.030208 0.105556
0 0.559375 0.131944 0.033333 0.080556
0 0.581250 0.092130 0.029167 0.075000
0 0.621875 0.180556 0.036458 0.100000
0 0.790104 0.157870 0.023958 0.102778
0 0.802604 0.209259 0.025000 0.107407
0 0.831250 0.216667 0.039583 0.100000
0 0.851823 0.318056 0.049479 0.117593
