2 0.279948 0.075000 0.019271 0.029630
1 0.668229 0.180556 0.026042 0.088889
0 0.027083 0.102315 0.021875 0.082407
3 0.058333 0.055093 0.022917 0.080556
0 0.026042 0.212037 0.030208 0.083333
0 0.120573 0.314352 0.041146 0.110185
0 0.139323 0.134722 0.035937 0.082407
0 0.264323 0.293519 0.046354 0.094444
0 0.269792 0.493519 0.035417 0.105556
0 0.275000 0.174537 0.031250 0.076852
0 0.360677 0.157870 0.040104 0.078704
0 0.496094 0.290278 0.034896 0.100926
0 0.379427 0.121296 0.040104 0.079630
0 0.351562 0.074074 0.028125 0.088889
0 0.471354 0.131944 0.029167 0.080556
0 0.512240 0.153241 0.028646 0.093519
0 0.525781 0.138889 0.031771 0.098148
0 0.604948 0.192593 0.031771 0.098148
0 0.597917 0.100000 0.028125 0.083333
0 0.792708 0.146759 0.027083 0.067593
0 0.792708 0.212037 0.037500 0.098148
0 0.822917 0.217593 0.025000 0.098148
0 0.853385 0.331481 0.040104 0.101852
