1 0.641146 0.192593 0.028125 0.101852
2 0.090104 0.181944 0.015625 0.023148
3 0.063542 0.048148 0.025000 0.079630
0 0.021354 0.129167 0.027083 0.089815
0 0.011198 0.222685 0.021354 0.076852
0 0.078125 0.320833 0.043750 0.123148
0 0.150781 0.268056 0.032813 0.095370
0 0.115104 0.175463 0.028125 0.089815
0 0.270573 0.513889 0.040104 0.138889
0 0.232813 0.199537 0.029167 0.091667
0 0.321875 0.179167 0.033333 0.082407
0 0.338281 0.144444 0.038021 0.090741
0 0.324479 0.088889 0.028125 0.087037
0 0.462760 0.311574 0.031771 0.112037
0 0.458594 0.148611 0.035937 0.078704
0 0.524219 0.144444 0.021354 0.075926
0 0.554688 0.218519 0.026042 0.096296
0 0.574479 0.158333 0.027083 0.094444
0 0.585417 0.113889 0.029167 0.083333
0 0.769792 0.232407 0.020833 0.100000
0 0.783073 0.349074 0.035937 0.090741
0 0.797917 0.176389 0.025000 0.062037
0 0.807292 0.249074 0.043750 0.094444
