2 0.060677 0.167593 0.015104 0.029630
1 0.613802 0.202778 0.020313 0.090741
3 0.054688 0.055556 0.029167 0.087037
0 0.016406 0.202315 0.019271 0.078704
0 0.017708 0.240741 0.026042 0.083333
0 0.025260 0.274537 0.039062 0.080556
0 0.047396 0.348148 0.033333 0.111111
0 0.253385 0.542130 0.040104 0.128704
0 0.232292 0.231481 0.028125 0.079630
0 0.286198 0.212037 0.038021 0.090741
0 0.301563 0.164815 0.030208 0.092593
0 0.298177 0.093519 0.038021 0.107407
0 0.450521 0.339352 0.026042 0.078704
0 0.448698 0.169444 0.042188 0.087037
0 0.521875 0.250463 0.030208 0.106481
0 0.558854 0.165741 0.030208 0.075926
0 0.582812 0.137037 0.034375 0.087037
0 0.652865 0.165741 0.035937 0.105556
0 0.696094 0.386574 0.038021 0.115741
0 0.758594 0.263426 0.030729 0.108333
0 0.802083 0.212963 0.028125 0.096296
0 0.810156 0.283333 0.040104 0.129630
