0 0.648438 0.060648 0.025000 0.073148
0 0.761719 0.220370 0.013021 0.088889
0 0.776302 0.238889 0.018229 0.087037
0 0.849219 0.374537 0.035937 0.117593
0 0.985156 0.339352 0.029687 0.113889
0 0.553125 0.195370 0.025000 0.085185
0 0.445052 0.123611 0.017188 0.075000
0 0.425521 0.212963 0.028125 0.092593
0 0.416146 0.292130 0.029167 0.091667
0 0.512760 0.419907 0.029687 0.115741
0 0.150260 0.243981 0.031771 0.080556
0 0.152083 0.314352 0.032292 0.110185
0 0.186719 0.319907 0.023438 0.125000
0 0.166146 0.434259 0.026042 0.090741
0 0.158073 0.494907 0.033854 0.104630
0 0.250781 0.556481 0.028646 0.111111
1 0.421094 0.431944 0.034896 0.106481
3 0.205208 0.050000 0.021875 0.072222
