2 0.917969 0.149537 0.015104 0.023148
0 0.945573 0.123148 0.033854 0.079630
0 0.902344 0.307870 0.035937 0.112037
0 0.785156 0.345370 0.027604 0.105556
0 0.984896 0.578241 0.029167 0.121296
0 0.689583 0.204630 0.016667 0.090741
0 0.705990 0.205556 0.011979 0.088889
0 0.588021 0.059722 0.028125 0.071296
0 0.496354 0.162963 0.022917 0.077778
0 0.449219 0.099074 0.019271 0.081481
0 0.372396 0.175463 0.028125 0.067593
0 0.375000 0.245833 0.022917 0.104630
0 0.444531 0.388426 0.033854 0.119444
0 0.134635 0.212037 0.023438 0.094444
0 0.125521 0.278704 0.025000 0.088889
0 0.147135 0.290278 0.022396 0.100926
0 0.117708 0.405093 0.022917 0.099074
0 0.134115 0.448611 0.020313 0.104630
0 0.159896 0.499537 0.027083 0.132407
1 0.332552 0.404167 0.035937 0.108333
3 0.194792 0.046759 0.027083 0.065741
