0 0.805729 0.119444 0.033333 0.090741
0 0.607292 0.201389 0.020833 0.069444
0 0.620052 0.182870 0.009896 0.078704
0 0.735677 0.318056 0.030729 0.110185
0 0.810156 0.292130 0.029687 0.097222
0 0.942448 0.547685 0.029687 0.128704
0 0.369531 0.349074 0.029687 0.101852
0 0.405469 0.078241 0.016146 0.058333
0 0.408073 0.153241 0.025521 0.069444
0 0.527604 0.066204 0.021875 0.076852
0 0.286458 0.137500 0.023958 0.076852
0 0.311979 0.221296 0.027083 0.090741
0 0.107292 0.171296 0.028125 0.083333
0 0.091146 0.251852 0.032292 0.092593
0 0.063542 0.251852 0.020833 0.088889
0 0.058073 0.359259 0.022396 0.096296
0 0.089063 0.418519 0.013542 0.094444
0 0.076042 0.461111 0.028125 0.105556
2 0.761198 0.142593 0.014063 0.025926
1 0.245312 0.375000 0.028125 0.100000
3 0.138021 0.047685 0.021875 0.067593
