0 0.895833 0.527315 0.022917 0.130556
0 0.679167 0.316204 0.028125 0.121296
0 0.727604 0.285648 0.033333 0.121296
0 0.550781 0.145370 0.024479 0.096296
0 0.637500 0.182407 0.027083 0.085185
0 0.670052 0.109722 0.040104 0.063889
2 0.650260 0.139352 0.013021 0.023148
0 0.467187 0.068519 0.035417 0.081481
0 0.407292 0.137037 0.027083 0.083333
0 0.351562 0.077315 0.019792 0.075000
0 0.300521 0.323148 0.032292 0.107407
0 0.025521 0.401852 0.035417 0.103704
0 0.011198 0.215741 0.021354 0.105556
0 0.080469 0.148148 0.030729 0.101852
0 0.206771 0.205556 0.022917 0.085185
0 0.209896 0.124074 0.027083 0.088889
1 0.176302 0.357407 0.042188 0.096296
3 0.070312 0.049074 0.025000 0.064815
