0 0.843750 0.521296 0.031250 0.138889
0 0.925781 0.367593 0.039062 0.103704
0 0.627344 0.303704 0.021354 0.103704
0 0.650521 0.278704 0.029167 0.100000
0 0.630990 0.157870 0.029687 0.078704
0 0.563802 0.129167 0.027604 0.082407
0 0.520833 0.139815 0.019792 0.081481
0 0.410156 0.069444 0.034896 0.079630
0 0.354948 0.108796 0.036979 0.087963
0 0.294271 0.079167 0.021875 0.067593
0 0.140885 0.116204 0.039062 0.073148
0 0.201823 0.312500 0.041146 0.102778
0 0.098698 0.187963 0.036979 0.092593
0 0.024479 0.127315 0.033333 0.082407
1 0.092188 0.343519 0.047917 0.101852
