1 0.209896 0.321759 0.027083 0.106481
3 0.773177 0.877778 0.050521 0.125926
2 0.286198 0.118519 0.014063 0.022222
0 0.583333 0.363426 0.042708 0.123148
0 0.507292 0.244907 0.025000 0.106481
0 0.622396 0.194444 0.029167 0.090741
0 0.658854 0.259722 0.032292 0.115741
0 0.238802 0.226389 0.030729 0.104630
0 0.058073 0.309722 0.035937 0.104630
0 0.105990 0.137037 0.031771 0.090741
0 0.186198 0.139352 0.027604 0.073148
0 0.216406 0.112963 0.038021 0.085185
0 0.304948 0.118519 0.028646 0.096296
0 0.358333 0.120370 0.026042 0.100000
