0 0.604948 0.339815 0.029687 0.094444
0 0.550781 0.231481 0.024479 0.090741
0 0.651042 0.179167 0.026042 0.075000
0 0.694010 0.250463 0.027604 0.106481
0 0.148958 0.314352 0.023958 0.095370
0 0.032813 0.175463 0.023958 0.095370
0 0.050521 0.072222 0.018750 0.064815
0 0.115625 0.119444 0.031250 0.079630
0 0.158073 0.115741 0.018229 0.087037
0 0.322917 0.208333 0.025000 0.079630
0 0.257292 0.085648 0.026042 0.073148
0 0.272396 0.093056 0.015625 0.073148
0 0.390104 0.111111 0.025000 0.096296
3 0.822917 0.881481 0.055208 0.164815
1 0.314063 0.287500 0.031250 0.078704
