3 0.870833 0.876389 0.040625 0.150926
1 0.387500 0.247685 0.021875 0.073148
0 0.634896 0.328704 0.028125 0.088889
0 0.589063 0.223611 0.026042 0.086111
0 0.679948 0.170370 0.029687 0.088889
0 0.718750 0.236111 0.025000 0.092593
0 0.204167 0.318056 0.030208 0.099074
0 0.036979 0.187963 0.023958 0.088889
0 0.108073 0.159722 0.027604 0.078704
0 0.104167 0.056019 0.028125 0.067593
0 0.155208 0.117593 0.021875 0.079630
0 0.193750 0.082870 0.014583 0.075000
0 0.255990 0.064352 0.015104 0.058333
0 0.272396 0.070370 0.019792 0.081481
0 0.389583 0.187037 0.015625 0.059259
0 0.429167 0.089815 0.022917 0.092593
