0 0.669531 0.330093 0.023438 0.110185
0 0.621875 0.204630 0.026042 0.087037
0 0.708073 0.166667 0.035937 0.100000
0 0.755208 0.220833 0.034375 0.100926
0 0.453646 0.194907 0.019792 0.075000
0 0.473958 0.086111 0.025000 0.092593
0 0.239844 0.323148 0.028646 0.107407
0 0.088542 0.192130 0.022917 0.076852
0 0.164583 0.146759 0.022917 0.071296
0 0.189062 0.119444 0.023958 0.079630
0 0.170313 0.054167 0.021875 0.071296
0 0.260677 0.065278 0.017188 0.082407
0 0.320312 0.057870 0.030208 0.075000
1 0.442188 0.219444 0.018750 0.090741
3 0.914323 0.873611 0.038021 0.156481
