3 0.986719 0.876852 0.026562 0.150000
1 0.481771 0.189815 0.019792 0.074074
0 0.008333 0.179167 0.015625 0.086111
0 0.119010 0.182407 0.020313 0.092593
0 0.269531 0.307407 0.035937 0.107407
0 0.212240 0.161111 0.016146 0.085185
0 0.219792 0.110185 0.018750 0.090741
0 0.289323 0.064352 0.016146 0.069444
0 0.388542 0.060648 0.034375 0.087963
0 0.522135 0.080093 0.019271 0.080556
0 0.501563 0.196296 0.028125 0.090741
0 0.655469 0.194907 0.021354 0.102778
0 0.708333 0.320370 0.025000 0.094444
0 0.732552 0.144444 0.039062 0.109259
0 0.787760 0.215741 0.039062 0.137037
