0 0.050521 0.346759 0.018750 0.113889
0 0.011979 0.187963 0.021875 0.107407
0 0.154167 0.185185 0.028125 0.101852
0 0.304948 0.311574 0.034896 0.104630
0 0.240104 0.146296 0.026042 0.083333
0 0.251563 0.120370 0.026042 0.092593
0 0.316927 0.070833 0.019271 0.071296
0 0.454167 0.066204 0.020833 0.069444
0 0.565625 0.081944 0.023958 0.073148
0 0.540104 0.204167 0.022917 0.082407
0 0.685417 0.196296 0.022917 0.087037
0 0.759115 0.139815 0.027604 0.103704
0 0.808594 0.202315 0.039062 0.110185
0 0.748958 0.310648 0.030208 0.102778
1 0.527083 0.173611 0.022917 0.082407
