1 0.565625 0.147685 0.023958 0.062037
0 0.570833 0.195833 0.023958 0.080556
0 0.612500 0.080093 0.020833 0.084259
0 0.511719 0.070370 0.016146 0.081481
0 0.526302 0.068981 0.017188 0.063889
0 0.336458 0.307407 0.026042 0.103704
0 0.105990 0.353704 0.020313 0.092593
0 0.028906 0.206019 0.029687 0.106481
0 0.174219 0.177315 0.020313 0.089815
0 0.265625 0.145833 0.025000 0.076852
0 0.281771 0.124537 0.022917 0.080556
0 0.269271 0.045833 0.017708 0.067593
0 0.369531 0.087963 0.020313 0.053704
0 0.702083 0.177315 0.019792 0.095370
0 0.786198 0.134259 0.027604 0.096296
0 0.780208 0.318056 0.026042 0.110185
0 0.834115 0.207407 0.040104 0.085185
