0 0.360938 0.293056 0.029167 0.089815
0 0.154688 0.346296 0.033333 0.088889
0 0.048958 0.448148 0.023958 0.092593
0 0.017188 0.316204 0.026042 0.110185
0 0.066927 0.199537 0.031771 0.091667
0 0.184635 0.176389 0.019271 0.080556
0 0.272396 0.097685 0.017708 0.073148
0 0.294010 0.058796 0.019271 0.076852
0 0.301302 0.150463 0.018229 0.071296
0 0.392188 0.096296 0.027083 0.083333
0 0.582292 0.085648 0.020833 0.062037
0 0.564844 0.068981 0.018229 0.067593
0 0.640885 0.092130 0.022396 0.075000
0 0.716667 0.169444 0.025000 0.083333
0 0.810417 0.304630 0.026042 0.101852
0 0.813802 0.139815 0.030729 0.077778
0 0.854688 0.214352 0.018750 0.110185
0 0.596875 0.208333 0.021875 0.075926
1 0.594531 0.147685 0.017188 0.076852
