1 0.608854 0.148611 0.021875 0.056481
0 0.101042 0.449537 0.026042 0.110185
0 0.022396 0.205556 0.020833 0.088889
0 0.038542 0.313426 0.020833 0.097222
0 0.198437 0.338426 0.026042 0.091667
0 0.106250 0.202315 0.023958 0.102778
0 0.215365 0.181481 0.031771 0.083333
0 0.275000 0.099537 0.025000 0.069444
0 0.319792 0.061574 0.029167 0.067593
0 0.329688 0.152315 0.026042 0.078704
0 0.392188 0.293056 0.025000 0.106481
0 0.408073 0.106944 0.017188 0.091667
0 0.542188 0.092130 0.027083 0.071296
0 0.577083 0.073611 0.026042 0.067593
0 0.676562 0.154167 0.029167 0.078704
0 0.615104 0.197685 0.026042 0.087963
0 0.616927 0.091667 0.022396 0.057407
0 0.773177 0.133796 0.029687 0.104630
0 0.831771 0.305556 0.025000 0.103704
0 0.871354 0.215741 0.028125 0.101852
