1 0.617969 0.162963 0.020313 0.061111
0 0.054427 0.201389 0.032813 0.104630
0 0.074479 0.309722 0.029167 0.104630
0 0.151042 0.456019 0.023958 0.123148
0 0.145573 0.205093 0.034896 0.112037
0 0.248958 0.345370 0.025000 0.090741
0 0.266667 0.176389 0.025000 0.080556
0 0.291146 0.100463 0.026042 0.071296
0 0.357812 0.149537 0.029167 0.073148
0 0.342969 0.068981 0.013021 0.067593
0 0.435417 0.297685 0.028125 0.108333
0 0.470313 0.099074 0.020833 0.061111
0 0.510417 0.104167 0.022917 0.067593
0 0.552344 0.084722 0.019271 0.060185
0 0.602344 0.128241 0.023438 0.076852
0 0.600000 0.190741 0.030208 0.079630
0 0.652344 0.093519 0.017188 0.092593
0 0.688021 0.129167 0.017708 0.078704
0 0.859375 0.218056 0.026042 0.102778
0 0.844271 0.321759 0.028125 0.125000
