0 0.012500 0.096296 0.018750 0.072222
0 0.088542 0.198611 0.031250 0.095370
0 0.101042 0.317130 0.023958 0.104630
0 0.206250 0.456944 0.021875 0.117593
0 0.174740 0.210185 0.034896 0.098148
0 0.284896 0.329630 0.027083 0.105556
0 0.319531 0.193056 0.020313 0.067593
0 0.336458 0.118519 0.023958 0.088889
0 0.394010 0.058796 0.021354 0.054630
0 0.403646 0.151389 0.026042 0.080556
0 0.503646 0.306481 0.034375 0.101852
0 0.515625 0.127315 0.023958 0.063889
2 0.531771 0.150463 0.017708 0.025000
0 0.551042 0.130093 0.026042 0.073148
0 0.575260 0.176389 0.021354 0.080556
0 0.582812 0.088889 0.021875 0.055556
0 0.622917 0.133333 0.026042 0.090741
0 0.717969 0.100926 0.014063 0.081481
0 0.844271 0.204630 0.030208 0.087037
0 0.853125 0.309722 0.028125 0.080556
1 0.628906 0.179167 0.020313 0.082407
3 0.036979 0.046296 0.023958 0.055556
