2 0.505208 0.149537 0.011458 0.015741
3 0.073958 0.045370 0.023958 0.061111
1 0.645052 0.183333 0.018229 0.079630
0 0.601562 0.330093 0.027083 0.071296
0 0.265365 0.474074 0.016146 0.094444
0 0.115365 0.328704 0.013021 0.103704
0 0.050521 0.100000 0.020833 0.055556
0 0.121615 0.210185 0.030729 0.101852
0 0.186719 0.207407 0.023438 0.081481
0 0.321875 0.340741 0.035417 0.096296
0 0.350521 0.220833 0.026042 0.087963
0 0.364583 0.115741 0.026042 0.055556
0 0.435937 0.068056 0.025000 0.065741
0 0.444271 0.163889 0.029167 0.083333
0 0.883333 0.322222 0.038542 0.094444
0 0.873958 0.212963 0.031250 0.085185
0 0.788542 0.119444 0.020833 0.083333
0 0.698958 0.121759 0.021875 0.071296
0 0.524219 0.156481 0.017188 0.090741
0 0.550781 0.162037 0.022396 0.083333
0 0.626823 0.147685 0.018229 0.076852
0 0.620833 0.100000 0.026042 0.083333
